           0
           0
           0
    -2010390
    -2170581
    -1157575
     3800274
    19624029
    44513499
    72698358
   105318184
   142967027
   182783386
   227724868
   280425734
   333739439
   381820724
   425274637
   461379261
   489783075
   509353974
   522000280
   526838586
   522000280
   509353974
   489783075
   461379261
   425274637
   383831114
   335910020
   281583309
   223924594
   163159357
    98453528
    32619826
   -32619826
   -98453528
  -163159357
  -223924594
  -281583309
  -335910020
  -383831114
  -425274637
  -461379261
  -489783075
  -509353974
  -522000280
  -526838586
  -522000280
  -509353974
  -489783075
  -461379261
  -425274637
  -383831114
  -335910020
  -281583309
  -223924594
  -163159357
   -98453528
   -32619826
    32619826
    98453528
   163159357
   223924594
   281583309
   335910020
   383831114
   425274637
   461379261
   489783075
   509353974
   522000280
   526838586
   522000280
   509353974
   489783075
   461379261
   425274637
   383831114
   335910020
   281583309
   223924594
   163159357
    98453528
    32619826
   -32619826
   -98453528
  -163159357
  -223924594
  -281583309
  -335910020
  -383831114
  -425274637
  -461379261
  -489783075
  -509353974
  -522000280
  -526838586
  -522000280
  -509353974
  -489783075
  -461379261
  -425274637
  -383831114
  -335910020
  -281583309
  -223924594
  -163159357
   -98453528
   -32619826
    32619826
    98453528
   163159357
   223924594
   281583309
   335910020
   383831114
   425274637
   461379261
   489783075
   509353974
   522000280
   526838586
   522000280
   509353974
   489783075
   461379261
   425274637
   383831114
   335910020
   281583309
   223924594
   163159357
    98453528
    32619826
   -32619826
   -98453528
  -163159357
  -223924594
  -281583309
  -335910020
  -383831114
  -425274637
  -461379261
  -489783075
  -509353974
  -522000280
  -526838586
  -522000280
  -509353974
  -489783075
  -461379261
  -425274637
  -383831114
  -335910020
  -281583309
  -223924594
  -163159357
   -98453528
   -32619826
    32619826
    98453528
   163159357
   223924594
   281583309
   335910020
   383831114
   425274637
   461379261
   489783075
   509353974
   522000280
   526838586
   522000280
   509353974
   489783075
   461379261
   425274637
   383831114
   335910020
   281583309
   223924594
   163159357
    98453528
    32619826
   -32619826
   -98453528
  -163159357
  -223924594
  -281583309
  -335910020
  -383831114
  -425274637
  -461379261
  -489783075
  -509353974
  -522000280
  -526838586
  -522000280
  -509353974
  -489783075
  -461379261
  -423264247
  -377006369
  -326473819
  -278291899
  -251161783
  -264133641
  -316830492
  -394232389
  -476663303
  -540991654
  -574015524
  -583762519
  -583936455
  -580472184
  -577828410
