0
17635
-5556
-3599
23474
9630
-4366
22254
23463
-757
15582
31675
6721
6721
31675
15582
-757
23463
22254
-4366
9630
23474
-3599
-5556
17635
0
-17635
5556
3599
-23474
-9630
4366
-22254
-23463
757
-15582
-31675
-6721
-6721
-31675
-15582
757
-23463
-22254
4366
-9630
-23474
3599
5556
-17635
0
17635
-5556
-3599
23474
9630
-4366
22254
23463
-757
15582
31675
6721
6721
31675
15582
-757
23463
22254
-4366
9630
23474
-3599
-5556
17635
0
-17635
5556
3599
-23474
-9630
4366
-22254
-23463
757
-15582
-31675
-6721
-6721
-31675
-15582
757
-23463
-22254
4366
-9630
-23474
3599
5556
-17635
0
17635
-5556
-3599
23474
9630
-4366
22254
23463
-757
15582
31675
6721
6721
31675
15582
-757
23463
22254
-4366
9630
23474
-3599
-5556
17635
0
-17635
5556
3599
-23474
-9630
4366
-22254
-23463
757
-15582
-31675
-6721
-6721
-31675
-15582
757
-23463
-22254
4366
-9630
-23474
3599
5556
-17635
0
17635
-5556
-3599
23474
9630
-4366
22254
23463
-757
15582
31675
6721
6721
31675
15582
-757
23463
22254
-4366
9630
23474
-3599
-5556
17635
0
-17635
5556
3599
-23474
-9630
4366
-22254
-23463
757
-15582
-31675
-6721
-6721
-31675
-15582
757
-23463
-22254
4366
-9630
-23474
3599
5556
-17635
